2 0.184375 0.33671875 0.04609375 0.07109375
2 0.15 0.43203125 0.021875 0.05859375
2 0.165625 0.4796875 0.03359375 0.05234375
2 0.17109375 0.4234375 0.0234375 0.08203125
2 0.2140625 0.54140625 0.040625 0.05546875
2 0.51484375 0.73984375 0.03828125 0.06640625
2 0.51875 0.93515625 0.034375 0.06171875
2 0.290625 0.96171875 0.04140625 0.07109375
2 0.29375 0.90703125 0.0359375 0.06171875
2 0.4314236109375 1 0.41493055625 0.9413580250000001 0.3845486109375 0.942901234375 0.39756944375000003 1 0.4314236109375 1
2 0.44965277812500004 1 0.42881944375 0.9351851859375 0.4157986109375 0.9351851859375 0.40711805625 0.9382716046875 0.4348958328125 1 0.44965277812500004 1