2 0.403125 0.365625 0.01796875 0.06640625
2 0.39296875 0.52265625 0.02421875 0.059375
2 0.71484375 0.58515625 0.04140625 0.028125
2 0.73359375 0.63046875 0.05 0.046875
2 0.8505546875000001 0.47583611093749995 0.8337635421874999 0.4495666671875 0.8210015625 0.4519546296875 0.8149567703124999 0.47404537031249994 0.8401442703124999 0.5092703703125 0.8539130203124999 0.49732962968749994 0.8505546875000001 0.47583611093749995
2 0.8549208328125 0.4615074078125 0.8609656250000001 0.420909259375 0.8586151046875001 0.40180370312499997 0.8441739578125 0.397027778125 0.8384651046875 0.44001388906249994 0.8398083328125001 0.45553703749999996 0.8549208328125 0.4615074078125
2 0.8377932296875 0.4519546296875 0.8428307296875 0.411953703125 0.8401442703124999 0.388072221875 0.8297333328125 0.38628055625 0.8213374999999999 0.3910574078125 0.8183151046875 0.4262824078125 0.8173078125 0.4513574078125 0.8377932296875 0.4519546296875
2 0.80546875 0.33046875 0.03046875 0.07265625
2 0.46516614531249995 0.6579453703125 0.484525 0.6100333328125 0.4742760421875 0.5985620375 0.45909270781249994 0.6208305562499999 0.4545380203125 0.6484981484375 0.46516614531249995 0.6579453703125
2 0.5054020828125 0.61678148125 0.49097760468749996 0.5985620375 0.4659255203125 0.6586203703125 0.47807187500000003 0.6748157406249999 0.5054020828125 0.61678148125
2 0.79453125 0.51171875 0.0359375 0.04453125