2 0.596875 0.365625 0.01796875 0.06640625
2 0.60703125 0.52265625 0.02421875 0.059375
2 0.28515625 0.58515625 0.04140625 0.028125
2 0.26640625 0.63046875 0.05 0.046875
2 0.16623645781250002 0.4495666671875 0.14944531249999998 0.47583611093749995 0.1460869796875 0.49732962968749994 0.1598557296875 0.5092703703125 0.1850432296875 0.47404537031249994 0.1789984375 0.4519546296875 0.16623645781250002 0.4495666671875
2 0.139034375 0.420909259375 0.1450791671875 0.4615074078125 0.1601916671875 0.45553703749999996 0.1615348953125 0.44001388906249994 0.1558260421875 0.397027778125 0.1413848953125 0.40180370312499997 0.139034375 0.420909259375
2 0.1598557296875 0.388072221875 0.1571692703125 0.411953703125 0.1622067703125 0.4519546296875 0.1826921875 0.4513574078125 0.1816848953125 0.4262824078125 0.1786625 0.3910574078125 0.1702666671875 0.38628055625 0.1598557296875 0.388072221875
2 0.19453125 0.33046875 0.03046875 0.07265625
2 0.5348338546875 0.6579453703125 0.5454619796875 0.6484981484375 0.5409072921875 0.6208305562499999 0.5257239578124999 0.5985620375 0.515475 0.6100333328125 0.5348338546875 0.6579453703125
2 0.521928125 0.6748157406249999 0.5340744796875 0.6586203703125 0.5090223953125 0.5985620375 0.4945979171875 0.61678148125 0.521928125 0.6748157406249999
2 0.20546875 0.51171875 0.0359375 0.04453125