2 0.815625 0.33671875 0.04609375 0.07109375
2 0.85 0.43203125 0.021875 0.05859375
2 0.834375 0.4796875 0.03359375 0.05234375
2 0.82890625 0.4234375 0.0234375 0.08203125
2 0.7859375 0.54140625 0.040625 0.05546875
2 0.48515625 0.73984375 0.03828125 0.06640625
2 0.48125 0.93515625 0.034375 0.06171875
2 0.709375 0.96171875 0.04140625 0.07109375
2 0.70625 0.90703125 0.0359375 0.06171875
2 0.6024305562500001 1 0.6154513890625 0.942901234375 0.5850694437499999 0.9413580250000001 0.5685763890625 1 0.6024305562500001 1
2 0.5651041671875 1 0.5928819437499999 0.9382716046875 0.5842013890625 0.9351851859375 0.5711805562500001 0.9351851859375 0.550347221875 1 0.5651041671875 1